ID	lgth	out	in	long_cov	short1_cov	short1_Ocov	short2_cov	short2_Ocov
1	42	0	0	0.000000	3.142857	3.142857	0.000000	0.000000
2	62	0	0	0.000000	4.387097	4.387097	0.000000	0.000000
3	42	0	0	0.000000	3.023810	3.023810	0.000000	0.000000
4	52	0	0	0.000000	3.788462	3.788462	0.000000	0.000000
5	33	0	0	0.000000	3.484848	3.484848	0.000000	0.000000
6	48	0	0	0.000000	4.500000	4.500000	0.000000	0.000000
7	38	0	0	0.000000	3.842105	3.842105	0.000000	0.000000
8	46	0	0	0.000000	4.043478	4.043478	0.000000	0.000000
9	50	0	0	0.000000	5.100000	5.100000	0.000000	0.000000
10	41	0	0	0.000000	4.219512	4.219512	0.000000	0.000000
11	182	0	0	0.000000	3.873626	3.714286	0.000000	0.000000
12	65	0	0	0.000000	4.630769	4.630769	0.000000	0.000000
13	41	0	0	0.000000	3.658537	3.658537	0.000000	0.000000
14	95	0	0	0.000000	4.600000	4.600000	0.000000	0.000000
15	54	0	0	0.000000	3.500000	3.500000	0.000000	0.000000
16	83	0	1	0.000000	3.939759	3.939759	0.000000	0.000000
17	39	0	0	0.000000	3.743590	3.743590	0.000000	0.000000
18	53	0	0	0.000000	4.603774	4.603774	0.000000	0.000000
19	34	0	0	0.000000	3.323529	3.323529	0.000000	0.000000
20	37	2	3	0.000000	5.027027	5.027027	0.000000	0.000000
21	81	0	0	0.000000	3.320988	3.320988	0.000000	0.000000
22	67	0	0	0.000000	3.626866	3.626866	0.000000	0.000000
23	75	0	0	0.000000	4.373333	4.373333	0.000000	0.000000
24	27	0	0	0.000000	8.444444	8.444444	0.000000	0.000000
25	35	0	0	0.000000	4.742857	4.742857	0.000000	0.000000
26	58	0	0	0.000000	4.706897	4.706897	0.000000	0.000000
27	37	0	0	0.000000	3.108108	3.108108	0.000000	0.000000
28	62	0	0	0.000000	3.693548	3.693548	0.000000	0.000000
29	32	0	0	0.000000	5.375000	5.375000	0.000000	0.000000
30	38	0	0	0.000000	3.315789	3.315789	0.000000	0.000000
31	44	0	0	0.000000	3.454545	3.454545	0.000000	0.000000
32	39	0	0	0.000000	4.666667	4.666667	0.000000	0.000000
33	29	0	0	0.000000	4.000000	4.000000	0.000000	0.000000
34	42	0	0	0.000000	3.142857	3.142857	0.000000	0.000000
35	45	0	0	0.000000	5.866667	5.866667	0.000000	0.000000
36	62	0	0	0.000000	3.935484	3.935484	0.000000	0.000000
37	52	0	0	0.000000	3.884615	3.884615	0.000000	0.000000
38	33	0	0	0.000000	3.333333	3.333333	0.000000	0.000000
39	1	2	2	0.000000	15.000000	15.000000	0.000000	0.000000
40	1	2	1	0.000000	10.000000	10.000000	0.000000	0.000000
41	54	2	2	0.000000	5.500000	5.500000	0.000000	0.000000
42	56	0	0	0.000000	3.660714	3.660714	0.000000	0.000000
43	1	0	0	0.000000	14.000000	14.000000	0.000000	0.000000
44	89	0	0	0.000000	4.269663	4.269663	0.000000	0.000000
45	56	0	0	0.000000	3.607143	3.607143	0.000000	0.000000
46	45	0	0	0.000000	3.600000	3.600000	0.000000	0.000000
47	29	0	0	0.000000	6.275862	6.275862	0.000000	0.000000
48	52	0	0	0.000000	4.096154	4.096154	0.000000	0.000000
49	1	0	0	0.000000	19.000000	19.000000	0.000000	0.000000
50	66	0	0	0.000000	4.287879	4.287879	0.000000	0.000000
51	59	0	0	0.000000	4.525424	4.525424	0.000000	0.000000
52	55	0	0	0.000000	3.200000	3.200000	0.000000	0.000000
53	118	0	0	0.000000	3.915254	3.915254	0.000000	0.000000
54	86	0	0	0.000000	3.581395	3.581395	0.000000	0.000000
55	47	0	0	0.000000	3.021277	3.021277	0.000000	0.000000
56	89	0	0	0.000000	3.910112	3.910112	0.000000	0.000000
57	69	1	0	0.000000	3.652174	3.652174	0.000000	0.000000
58	74	2	0	0.000000	3.540541	3.540541	0.000000	0.000000
59	18789	0	0	0.000000	1.416574	0.016765	0.000000	0.000000
60	30	0	0	0.000000	5.100000	5.100000	0.000000	0.000000
61	50	0	0	0.000000	4.200000	4.200000	0.000000	0.000000
62	109	0	0	0.000000	3.422018	3.422018	0.000000	0.000000
63	26	0	0	0.000000	3.461538	3.461538	0.000000	0.000000
64	39	0	0	0.000000	4.461538	4.461538	0.000000	0.000000
65	51	0	0	0.000000	3.862745	3.862745	0.000000	0.000000
66	5586	0	0	0.000000	0.806660	0.071787	0.000000	0.000000
67	91	0	0	0.000000	3.439560	3.439560	0.000000	0.000000
68	50	0	0	0.000000	4.480000	4.480000	0.000000	0.000000
69	71	0	0	0.000000	3.943662	3.943662	0.000000	0.000000
70	44	0	0	0.000000	5.250000	5.250000	0.000000	0.000000
71	62	0	0	0.000000	3.548387	3.548387	0.000000	0.000000
72	49	0	0	0.000000	4.448980	4.448980	0.000000	0.000000
73	64	0	0	0.000000	4.015625	4.015625	0.000000	0.000000
74	32	0	0	0.000000	3.031250	3.031250	0.000000	0.000000
75	29	0	0	0.000000	3.862069	3.862069	0.000000	0.000000
76	28	0	0	0.000000	4.178571	4.178571	0.000000	0.000000
77	16	1	1	0.000000	4.625000	4.625000	0.000000	0.000000
78	38	0	0	0.000000	5.236842	5.236842	0.000000	0.000000
79	38	0	0	0.000000	4.052632	4.052632	0.000000	0.000000
80	5449	0	0	0.000000	1.149569	0.063865	0.000000	0.000000
81	60	0	0	0.000000	4.100000	4.100000	0.000000	0.000000
82	29	0	0	0.000000	3.551724	3.551724	0.000000	0.000000
83	54	0	0	0.000000	3.944444	3.944444	0.000000	0.000000
84	31	0	0	0.000000	5.935484	5.935484	0.000000	0.000000
85	45	0	0	0.000000	3.533333	3.533333	0.000000	0.000000
86	49	0	0	0.000000	4.408163	4.408163	0.000000	0.000000
87	28	0	0	0.000000	3.678571	3.678571	0.000000	0.000000
88	39	0	0	0.000000	4.974359	4.974359	0.000000	0.000000
89	43	0	0	0.000000	3.395349	3.395349	0.000000	0.000000
90	16	1	1	0.000000	4.062500	4.062500	0.000000	0.000000
91	69	0	0	0.000000	3.492754	3.492754	0.000000	0.000000
92	29	0	0	0.000000	3.275862	3.275862	0.000000	0.000000
93	34	0	0	0.000000	4.029412	4.029412	0.000000	0.000000
94	5498	0	0	0.000000	1.089123	0.049654	0.000000	0.000000
95	101	0	0	0.000000	3.683168	3.683168	0.000000	0.000000
96	33	0	0	0.000000	3.515152	3.515152	0.000000	0.000000
97	38	0	0	0.000000	3.763158	3.763158	0.000000	0.000000
98	17	2	2	0.000000	5.058824	5.058824	0.000000	0.000000
99	41	0	0	0.000000	4.121951	4.121951	0.000000	0.000000
100	1	2	2	0.000000	5.000000	5.000000	0.000000	0.000000
101	1	1	1	0.000000	35.000000	35.000000	0.000000	0.000000
102	28	0	0	0.000000	3.321429	3.321429	0.000000	0.000000
103	44	0	0	0.000000	4.659091	4.659091	0.000000	0.000000
104	42	2	0	0.000000	3.642857	3.642857	0.000000	0.000000
105	1	0	0	0.000000	3.000000	3.000000	0.000000	0.000000
106	33	0	0	0.000000	3.909091	3.909091	0.000000	0.000000
107	1	1	1	0.000000	14.000000	14.000000	0.000000	0.000000
